Setting "optimal" hyper params for MNIST Data
1)30,10,3.0 means epochs, mini-batch-size, learning rate
these are the evaluation accuracy:
[8759,
  8844,
  8801,
  9244,
  8993,
  9312,
  9255,
  9258,
  9350,
  9366,
  9275,
  9273,
  9292,
  9283,
  9383,
  9362,
  9342,
  9401,
  9395,
  9402,
  9377,
  9426,
  9345,
  9437,
  9413,
  9379,
  9416,
  9331,
  9448,
  9413],
  
1)50,10,0.3 means epochs, mini-batch-size, learning rate
these are the evaluation accuracy:  
 [9338,
  9432,
  9498,
  9507,
  9537,
  9555,
  9471,
  9516,
  9577,
  9564,
  9542,
  9571,
  9571,
  9553,
  9579,
  9583,
  9573,
  9596,
  9598,
  9589,
  9575,
  9582,
  9555,
  9569,
  9563,
  9591,
  9595,
  9584,
  9580,
  9597,
  9585,
  9588,
  9601,
  9585,
  9574,
  9580,
  9598,
  9595,
  9563,
  9587,
  9575,
  9588,
  9582,
  9584,
  9551,
  9565,
  9561,
  9585,
  9538,
  9583]
  
  3)50,10,0.3,  means epochs, mini-batch-size, learning rate
these are the evaluation accuracy: 
[9367,
  9475,
  9535,
  9546,
  9572,
  9584,
  9578,
  9601,
  9556,
  9597,
  9590,
  9619,
  9622,
  9622,
  9592,
  9612,
  9582,
  9617,
  9593,
  9608,
  9607,
  9597,
  9558,
  9606,
  9588,
  9603,
  9610,
  9567,
  9599,
  9619,
  9621,
  9607,
  9630,
  9572,
  9592,
  9591,
  9637,
  9621,
  9589,
  9601,
  9622,
  9589,
  9613,
  9591,
  9616,
  9600,
  9621,
  9585,
  9601,
  9606],
  
   3)50,10,0.3, lmbda=0.1   means epochs, mini-batch-size, learning rate
these are the evaluation accuracy:
[9329,
  9452,
  9468,
  9529,
  9535,
  9564,
  9552,
  9569,
  9547,
  9566,
  9602,
  9573,
  9599,
  9563,
  9570,
  9564,
  9586,
  9590,
  9586,
  9593,
  9585,
  9590,
  9597,
  9574,
  9603,
  9599,
  9536,
  9599,
  9598,
  9593,
  9585,
  9582,
  9574,
  9588,
  9585,
  9595,
  9604,
  9577,
  9599,
  9570,
  9578,
  9590,
  9597,
  9582,
  9567,
  9596,
  9602,
  9602,
  9593,
  9591]
  
     3)50,10,0.3, lmbda=10   means epochs, mini-batch-size, learning rate
these are the evaluation accuracy:
   [9389,
  9430,
  9492,
  9553,
  9479,
  9556,
  9526,
  9510,
  9549,
  9588,
  9599,
  9557,
  9582,
  9578,
  9565,
  9568,
  9563,
  9587,
  9618,
  9610,
  9617,
  9613,
  9610,
  9591,
  9640,
  9589,
  9644,
  9607,
  9633,
  9620,
  9645,
  9622,
  9571,
  9629,
  9633,
  9607,
  9647,
  9627,
  9595,
  9640,
  9643,
  9599,
  9633,
  9633,
  9636,
  9605,
  9636,
  9635,
  9579,
  9584]
  
  4)30,10,3.0 means epochs, mini-batch-size, learning rate now I used [784, 100, 10] layer size
  [9558,
  9662,
  9714,
  9688,
  9732,
  9752,
  9737,
  9742,
  9749,
  9767,
  9766,
  9758,
  9769,
  9772,
  9766,
  9761,
  9763,
  9773,
  9779,
  9772,
  9765,
  9754,
  9765,
  9768,
  9782,
  9746,
  9767,
  9766,
  9765,
  9790],